test_1_0_2080f5e45ea579eb4e02b9d2f63459d6660b 4 0.9026442307692307 0.7620192307692307 0.15625 0.19230769230769232
test_1_0_2080f5e45ea579eb4e02b9d2f63459d6660b 0 0.75 0.828125 0.09134615384615384 0.15625
test_1_0_2080f5e45ea579eb4e02b9d2f63459d6660b 0 0.7331730769230769 0.3161057692307692 0.07692307692307693 0.10336538461538461
test_1_0_2080f5e45ea579eb4e02b9d2f63459d6660b 0 0.33533653846153844 0.8353365384615384 0.2668269230769231 0.27644230769230771 0.750000 0.828125 0.091346 0.156250
test_1_0_2080f5e45ea579eb4e02b9d2f63459d6660b 1 0.750000 0.828125 0.091346 0.156250
test_1_0_832d75c52db3a79ea88d501d787f16446f9 1 0.8858173076923077 0.45072115384615385 0.055288461538461536 0.10817307692307693
test_1_416_24965afe5cc52518c0ce31cc4642f2f69b07 1 0.6538461538461539 0.5288461538461539 0.07692307692307693 0.09615384615384616
test_1_416_24965afe5cc52518c0ce31cc4642f2f69b07 1 0.8966346153846154 0.3858173076923077 0.09134615384615384 0.07451923076923077
test_1_416_24965afe5cc52518c0ce31cc4642f2f69b07 1 0.6141826923076923 0.6526442307692307 0.055288461538461536 0.07451923076923077
test_1_416_24965afe5cc52518c0ce31cc4642f2f69b07 1 0.5168269230769231 0.7223557692307693 0.0625 0.06490384615384616
test_1_416_24965afe5cc52518c0ce31cc4642f2f69b07 0 0.09975961538461539 0.030048076923076924 0.08413461538461539 0.060096153846153851 0.099760 0.030048 0.084135 0.060096
test_1_416_24965afe5cc52518c0ce31cc4642f2f69b07 1 0.099760 0.030048 0.084135 0.060096
test_1_416_416bd0627650bc1953369b0e2bf0703fd55 2 0.09375 0.8786057692307693 0.1875 0.20432692307692307
test_1_416_416bd0627650bc1953369b0e2bf0703fd55 2 0.4567307692307692 0.4855769230769231 0.13942307692307693 0.15865384615384615
test_1_416_416bd0627650bc1953369b0e2bf0703fd55 2 0.48197115384615385 0.28365384615384615 0.1466346153846154 0.1971153846153846
test_1_416_416bd0627650bc1953369b0e2bf0703fd55 4 0.5709134615384616 0.5036057692307693 0.0985576923076923 0.19471153846153846
test_1_416_416bd0627650bc1953369b0e2bf0703fd55 1 0.052884615384615384 0.2920673076923077 0.0625 0.06490384615384616
test_1_416_416bd0627650bc1953369b0e2bf0703fd55 0 0.23557692307692307 0.9399038461538461 0.07211538461538461 0.115384615384615391 0.235577 0.939904 0.072115 0.115385
test_1_416_416bd0627650bc1953369b0e2bf0703fd55 1 0.235577 0.939904 0.072115 0.115385
test_2_1248_0a2ad25ed7ba46e165db6e1db21fbf08c 2 0.5012019230769231 0.3088942307692308 0.18509615384615385 0.15144230769230768
test_2_1248_0a2ad25ed7ba46e165db6e1db21fbf08c 2 0.65625 0.5432692307692307 0.14903846153846154 0.16826923076923078
test_2_1248_0a2ad25ed7ba46e165db6e1db21fbf08c 3 0.40384615384615385 0.7680288461538461 0.17307692307692307 0.23317307692307693
test_2_1248_0a2ad25ed7ba46e165db6e1db21fbf08c 1 0.19230769230769232 0.5985576923076923 0.07211538461538461 0.09615384615384616
test_2_1248_0a2ad25ed7ba46e165db6e1db21fbf08c 1 0.7956730769230769 0.31009615384615385 0.08653846153846154 0.09134615384615384
test_2_1248_0a2ad25ed7ba46e165db6e1db21fbf08c 0 0.8064903846153846 0.8617788461538461 0.31009615384615385 0.271634615384615361 0.806490 0.861779 0.310096 0.271635
test_2_1248_0a2ad25ed7ba46e165db6e1db21fbf08c 1 0.806490 0.861779 0.310096 0.271635
test_2_416_04176f2123dfaea456fae4cc5315b5000 2 0.3762019230769231 0.5144230769230769 0.18990384615384615 0.15384615384615385
test_2_416_04176f2123dfaea456fae4cc5315b5000 2 0.5036057692307693 0.23197115384615385 0.18509615384615385 0.1466346153846154
test_2_416_04176f2123dfaea456fae4cc5315b5000 2 0.9326923076923077 0.5588942307692307 0.12980769230769232 0.16105769230769232
test_2_416_04176f2123dfaea456fae4cc5315b5000 4 0.32091346153846156 0.7632211538461539 0.20432692307692307 0.10817307692307693
test_2_416_04176f2123dfaea456fae4cc5315b5000 4 0.12379807692307693 0.6911057692307693 0.18028846153846154 0.10336538461538461
test_2_416_04176f2123dfaea456fae4cc5315b5000 4 0.31490384615384615 0.28846153846153844 0.19230769230769232 0.1201923076923077
test_2_416_04176f2123dfaea456fae4cc5315b5000 4 0.6670673076923077 0.17067307692307693 0.1658653846153846 0.08653846153846154
test_2_416_04176f2123dfaea456fae4cc5315b5000 1 0.6105769230769231 0.46634615384615385 0.09134615384615384 0.07211538461538461
test_2_416_04176f2123dfaea456fae4cc5315b5000 1 0.6009615384615384 0.8665865384615384 0.08653846153846154 0.06009615384615385
test_2_416_04176f2123dfaea456fae4cc5315b5000 1 0.9591346153846154 0.18389423076923078 0.07692307692307693 0.0985576923076923
test_2_416_04176f2123dfaea456fae4cc5315b5000 0 0.8137019230769231 0.6995192307692307 0.09375 0.08653846153846154
test_2_416_04176f2123dfaea456fae4cc5315b5000 0 0.9483173076923077 0.8353365384615384 0.0985576923076923 0.0985576923076923
test_2_416_04176f2123dfaea456fae4cc5315b5000 0 0.9302884615384616 0.4110576923076923 0.09134615384615384 0.110576923076923071 0.813702 0.699519 0.093750 0.086538
test_2_416_04176f2123dfaea456fae4cc5315b5000 1 0.813702 0.699519 0.093750 0.086538
valid mini_valdi/test_1_0_2080f5e45ea579eb4e02b9d2f63459d6660b.jpg
valid mini_valdi/test_1_0_832d75c52db3a79ea88d501d787f16446f9.jpg
valid mini_valdi/test_1_416_24965afe5cc52518c0ce31cc4642f2f69b07.jpg
valid mini_valdi/test_1_416_416bd0627650bc1953369b0e2bf0703fd55.jpg
valid mini_valdi/test_2_1248_0a2ad25ed7ba46e165db6e1db21fbf08c.jpg
valid mini_valdi/test_2_416_04176f2123dfaea456fae4cc5315b5000.jpg
