test_1_416_416 4 0.5217387115384615384615384615 0.4159857307692307692307692308 0.6030391538461538461538461538 0.5975546105769230769230769231 0.001489 
test_2_1248_0 4 0.3339532331730769230769230769 0.6833628149038461538461538462 0.4634789326923076923076923077 0.8949986971153846153846153846 0.110021 
test_2_1248_0 4 0.9734219038461538461538461538 0.4632952764423076923076923077 1.000000 0.6419055649038461538461538462 0.009882 
test_2_1248_0 4 0.1961535480769230769230769231 0.9549043365384615384615384615 0.3229537379807692307692307692 1.000000 0.003670 
test_2_1248_0 4 0.5747633701923076923076923077 0.4636882259615384615384615385 0.7341521346153846153846153846 0.6241328173076923076923076923 0.002486 
test_2_1248_0 4 0.4214190336538461538461538462 0.2345863125 0.5902000216346153846153846154 0.3883754663461538461538461538 0.001538 
test_2_416_0 4 0.9028571947115384615384615385 0.3654722427884615384615384615 1.000000 0.4570948894230769230769230769 0.006247 
test_2_416_0 4 0.8798845 0.4878125552884615384615384615 0.9990282067307692307692307692 0.6375723629807692307692307692 0.001759 
test_2_416_0 4 0.7538653149038461538461538462 0.6664227716346153846153846154 0.8663966850961538461538461538 0.7384309038461538461538461538 0.001208 
test_2_416_0 4 0.5708388918269230769230769231 0.1338047980769230769230769231 0.7410416971153846153846153846 0.2248832259615384615384615385 0.001005 
test_1_416_416 2 0.7095951658653846153846153846 0.2678758918269230769230769231 0.7898012307692307692307692308 0.3952517884615384615384615385 0.004916 
test_1_416_416 2 0.9381045552884615384615384615 0.9891698533653846153846153846 1.000000 1.000000 0.015411 
test_1_416_416 2 0.5096083413461538461538461538 0.3671778173076923076923076923 0.6066980360576923076923076923 0.6507112067307692307692307692 0.024836 
test_1_416_416 2 0.2055350072115384615384615385 0.8565567451923076923076923077 0.3036502331730769230769230769 0.9872578100961538461538461538 0.675836 
test_1_416_416 2 0.6361375216346153846153846154 0.993235 0.7328314423076923076923076923 1.000000 0.015871 
test_1_416_416 2 0.2229725576923076923076923077 0.9922657019230769230769230769 0.3008796057692307692307692308 1.000000 0.015720 
test_1_416_416 2 0.6556808774038461538461538462 0.9929147860576923076923076923 0.7508049014423076923076923077 1.000000 0.014631 
test_1_416_416 2 0.6739057403846153846153846154 0.9931740384615384615384615385 0.7709809807692307692307692308 1.000000 0.013807 
test_1_416_416 2 0.9051890745192307692307692308 0.9914226538461538461538461538 1.000000 1.000000 0.013328 
test_1_416_416 2 0.4442019086538461538461538462 0.9952988990384615384615384615 0.5409488677884615384615384615 1.000000 0.012635 
test_1_416_416 2 0.6150316081730769230769230769 0.9937913605769230769230769231 0.7154543942307692307692307692 1.000000 0.012347 
test_1_416_416 2 0.2047854927884615384615384615 0.9924685408653846153846153846 0.2849154471153846153846153846 1.000000 0.012296 
test_1_416_416 2 0.6166897548076923076923076923 0.9873656490384615384615384615 0.7522328461538461538461538462 1.000000 0.011915 
test_1_416_416 2 0.82954509375 0.9933346225961538461538461538 0.9248202403846153846153846154 1.000000 0.011425 
test_1_416_416 2 0.3283881418269230769230769231 0.9938923774038461538461538462 0.4267653677884615384615384615 1.000000 0.011264 
test_1_416_416 2 0.8843160769230769230769230769 0.9917032524038461538461538462 0.9855365745192307692307692308 1.000000 0.011083 
test_1_416_416 2 0.5760766899038461538461538462 0.9936351778846153846153846154 0.6768077692307692307692307692 1.000000 0.011024 
test_1_416_416 2 0.5957438389423076923076923077 0.9938700745192307692307692308 0.6954931850961538461538461538 1.000000 0.010971 
test_1_416_416 2 0.4249201177884615384615384615 0.9951875384615384615384615385 0.5220789903846153846153846154 1.000000 0.010480 
test_1_416_416 2 0.8475316850961538461538461538 0.9925889230769230769230769231 0.9452875576923076923076923077 1.000000 0.010285 
test_1_416_416 2 0.8654931875 0.9921321875 0.9659862524038461538461538462 1.000000 0.010129 
test_1_416_416 2 0.9747462644230769230769230769 0.9846140793269230769230769231 1.000000 1.000000 0.009779 
test_1_416_416 2 0.3469684663461538461538461538 0.9943227764423076923076923077 0.44506678125 1.000000 0.009754 
test_1_416_416 2 0.8108650360576923076923076923 0.9938388245192307692307692308 0.9049034855769230769230769231 1.000000 0.009648 
test_1_416_416 2 0.5571517572115384615384615385 0.9934792884615384615384615385 0.6585041923076923076923076923 1.000000 0.009614 
test_1_416_416 2 0.7499597259615384615384615385 0.9945113100961538461538461538 0.8501857620192307692307692308 1.000000 0.009534 
test_1_416_416 2 0.3092849807692307692307692308 0.9937340673076923076923076923 0.4076596418269230769230769231 1.000000 0.009454 
test_1_416_416 2 0.6563170504807692307692307692 0.9872131346153846153846153846 0.7889837115384615384615384615 1.000000 0.009255 
test_1_416_416 2 0.5573682043269230769230769231 0.9883395697115384615384615385 0.6957057067307692307692307692 1.000000 0.009244 
test_1_416_416 2 0.4626339759615384615384615385 0.9951525456730769230769230769 0.560099125 1.000000 0.009213 
test_1_416_416 2 0.4061738533653846153846153846 0.9953101225961538461538461538 0.5029326225961538461538461538 1.000000 0.008896 
test_1_416_416 2 0.2399704831730769230769230769 0.9925517307692307692307692308 0.3210208966346153846153846154 1.000000 0.008839 
test_1_416_416 2 0.2905139182692307692307692308 0.9938252524038461538461538462 0.3874136105769230769230769231 1.000000 0.008709 
test_1_416_416 2 0.5034645889423076923076923077 0.9945255432692307692307692308 0.5965899326923076923076923077 1.000000 0.008674 
test_1_416_416 2 0.81220825 0.9868912331730769230769230769 0.9416765793269230769230769231 1.000000 0.008630 
test_1_416_416 2 0.7307724591346153846153846154 0.9944466802884615384615384615 0.8313465120192307692307692308 1.000000 0.008578 
test_1_416_416 2 0.5208174639423076923076923077 0.9940212692307692307692307692 0.6172103149038461538461538462 1.000000 0.008554 
test_1_416_416 2 0.2735219543269230769230769231 0.9941117956730769230769230769 0.3655664735576923076923076923 1.000000 0.008110 
test_1_416_416 2 0.53851553125 0.9936329759615384615384615385 0.6383405096153846153846153846 1.000000 0.008087 
test_1_416_416 2 0.7131143725961538461538461538 0.9941574254807692307692307692 0.8102267331730769230769230769 1.000000 0.008067 
test_1_416_416 2 0.4240032716346153846153846154 0.9899484927884615384615384615 0.5603664471153846153846153846 1.000000 0.008051 
test_1_416_416 2 0.6912845456730769230769230769 0.9937910673076923076923076923 0.79227675 1.000000 0.007435 
test_1_416_416 2 0.87484990625 0.9854690841346153846153846154 0.9945190144230769230769230769 1.000000 0.007424 
test_1_416_416 2 0.8548881081730769230769230769 0.9861753894230769230769230769 0.9762670817307692307692307692 1.000000 0.007404 
test_1_416_416 2 0.4825461466346153846153846154 0.9950589399038461538461538462 0.5787093100961538461538461538 1.000000 0.007292 
test_1_416_416 2 0.5188232211538461538461538462 0.9883520408653846153846153846 0.6581990913461538461538461538 1.000000 0.007224 
test_1_416_416 2 0.2573926274038461538461538462 0.993690125 0.3429720576923076923076923077 1.000000 0.007167 
test_1_416_416 2 0.7700651610576923076923076923 0.9947120961538461538461538462 0.8674090456730769230769230769 1.000000 0.006919 
test_1_416_416 2 0.3158045552884615384615384615 0.9883105216346153846153846154 0.4384140600961538461538461538 1.000000 0.006879 
test_1_416_416 2 0.7911468653846153846153846154 0.99450478125 0.8856326610576923076923076923 1.000000 0.006717 
test_1_416_416 2 0.8995772139423076923076923077 0.9852439447115384615384615385 1.000000 1.000000 0.006667 
test_1_416_416 2 0.3863880072115384615384615385 0.9954268389423076923076923077 0.4839871850961538461538461538 1.000000 0.006653 
test_1_416_416 2 0.4830234975961538461538461538 0.9892026466346153846153846154 0.6163983701923076923076923077 1.000000 0.006612 
test_1_416_416 2 0.3662489735576923076923076923 0.9950775 0.4640593533653846153846153846 1.000000 0.006424 
test_1_416_416 2 0.2754207019230769230769230769 0.9877889350961538461538461538 0.4023111778846153846153846154 1.000000 0.005744 
test_1_416_416 2 0.69559390625 0.9878912716346153846153846154 0.8272135817307692307692307692 1.000000 0.005598 
test_1_416_416 2 0.2090128028846153846153846154 0.98534121875 0.3138799663461538461538461538 1.000000 0.005583 
test_1_416_416 2 0.7359221538461538461538461538 0.9887121634615384615384615385 0.8635849591346153846153846154 1.000000 0.005579 
test_1_416_416 2 0.3877449759615384615384615385 0.9897609134615384615384615385 0.5210840528846153846153846154 1.000000 0.004215 
test_1_416_416 2 0.6744047307692307692307692308 0.8465892355769230769230769231 0.7518090456730769230769230769 0.9464176610576923076923076923 0.003889 
test_1_416_416 2 0.2243058125 0.9858633197115384615384615385 0.3368418028846153846153846154 1.000000 0.003784 
test_1_416_416 2 0.3484729254807692307692307692 0.9895420072115384615384615385 0.4810763509615384615384615385 1.000000 0.003655 
test_1_416_416 2 0.6593982259615384615384615385 0.2527279855769230769230769231 0.7885810408653846153846153846 0.4385685192307692307692307692 0.003638 
test_1_416_416 2 0.7725440528846153846153846154 0.9882960697115384615384615385 0.9033746730769230769230769231 1.000000 0.003588 
test_1_416_416 2 0.2406861971153846153846153846 0.9872769567307692307692307692 0.3606623125 1.000000 0.003515 
test_1_416_416 2 0.9340705865384615384615384615 0.9824834975961538461538461538 1.000000 1.000000 0.003215 
test_1_416_416 2 0.1859364879807692307692307692 0.9943182283653846153846153846 0.26544196875 1.000000 0.003210 
test_1_416_416 2 0.7030502475961538461538461538 0.2835952139423076923076923077 0.7952065841346153846153846154 0.4341369038461538461538461538 0.002583 
test_1_416_416 2 0.9106817235576923076923076923 0.9790512235576923076923076923 0.9978937740384615384615384615 1.000000 0.002405 
test_1_416_416 2 0.6989714543269230769230769231 0.3972960985576923076923076923 0.802077 0.6215895865384615384615384615 0.002172 
test_1_416_416 2 0.7443816850961538461538461538 0.3486371418269230769230769231 0.8348828822115384615384615385 0.4630862019230769230769230769 0.001891 
test_1_416_416 2 0.4096418894230769230769230769 0.1830909807692307692307692308 0.5514495192307692307692307692 0.3587670336538461538461538462 0.001830 
test_1_416_416 2 0.6723561658653846153846153846 0.2796979855769230769230769231 0.7578391298076923076923076923 0.4321716009615384615384615385 0.001810 
test_1_416_416 2 0.8883381634615384615384615385 0.9786905865384615384615384615 0.9804950865384615384615384615 1.000000 0.001620 
test_1_416_416 2 0.6368930528846153846153846154 0.9805379278846153846153846154 0.7303664855769230769230769231 1.000000 0.001583 
test_1_416_416 2 0.2221314903846153846153846154 0.9792041778846153846153846154 0.2996719254807692307692307692 1.000000 0.001543 
test_1_416_416 2 0.9807419399038461538461538462 0.9495715360576923076923076923 1.000000 1.000000 0.001540 
test_1_416_416 2 0.1999964903846153846153846154 0.8438976730769230769230769231 0.2948581802884615384615384615 0.9653206610576923076923076923 0.001425 
test_1_416_416 2 0.6565663990384615384615384615 0.9801213197115384615384615385 0.7483736923076923076923076923 1.000000 0.001387 
test_1_416_416 2 0.8696358028846153846153846154 0.9793097427884615384615384615 0.9606176514423076923076923077 1.000000 0.001335 
test_1_416_416 2 0.6727325 0.8221090745192307692307692308 0.7619727932692307692307692308 0.9237767740384615384615384615 0.001282 
test_1_416_416 2 0.2053468774038461538461538462 0.9791853245192307692307692308 0.28245940625 1.000000 0.001235 
test_1_416_416 2 0.1703421875 0.9865363197115384615384615385 0.28023903125 1.000000 0.001235 
test_1_416_416 2 0.1652974543269230769230769231 0.9952994134615384615384615385 0.2460566105769230769230769231 1.000000 0.001227 
test_1_416_416 2 0.6759234206730769230769230769 0.9803677331730769230769230769 0.7678238798076923076923076923 1.000000 0.001218 
test_1_416_416 2 0.9676775576923076923076923077 0.9743263533653846153846153846 1.000000 1.000000 0.001125 
test_1_416_416 2 0.7411981730769230769230769231 0.3700052764423076923076923077 0.8450867572115384615384615385 0.5167406153846153846153846154 0.001113 
test_1_416_416 2 0.8310878461538461538461538462 0.9797112379807692307692307692 0.9214769519230769230769230769 1.000000 0.001070 
test_1_416_416 2 0.8506070649038461538461538462 0.9795951105769230769230769231 0.9411246971153846153846153846 1.000000 0.001066 
test_1_416_416 2 0.8816923725961538461538461538 0.9584481899038461538461538462 1.000000 1.000000 0.001041 
test_1_416_416 2 0.8325543774038461538461538462 0.9622884903846153846153846154 0.9793205985576923076923076923 1.000000 0.001017 
test_1_416_416 2 0.6163925769230769230769230769 0.9811218701923076923076923077 0.7125797283653846153846153846 1.000000 0.001001 
test_2_1248_0 2 0.33389190625 0.6849115072115384615384615385 0.4619730072115384615384615385 0.8920472211538461538461538462 0.002987 
test_2_1248_0 2 0.5747633701923076923076923077 0.4636882259615384615384615385 0.7341521346153846153846153846 0.6241328173076923076923076923 0.004595 
test_2_1248_0 2 0.1949981177884615384615384615 0.9514822596153846153846153846 0.3232252788461538461538461538 1.000000 0.011707 
test_2_1248_0 2 0.9729802067307692307692307692 0.4780108004807692307692307692 1.000000 0.6244704182692307692307692308 0.023999 
test_2_1248_0 2 0.9760343846153846153846153846 0.4390097019230769230769230769 1.000000 0.6281019350961538461538461538 0.002416 
test_2_1248_0 2 0.8631987932692307692307692308 0.6602745048076923076923076923 0.9612520649038461538461538462 0.7840316490384615384615384615 0.069801 
test_2_1248_0 2 0.9607495528846153846153846154 0.4449557884615384615384615385 0.999327 0.6275324447115384615384615385 0.004732 
test_2_1248_0 2 0.148422875 0.5533203701923076923076923077 0.2304129975961538461538461538 0.6431322091346153846153846154 0.997658 
test_2_1248_0 2 0.7539830576923076923076923077 0.2513280456730769230769230769 0.8314241995192307692307692308 0.3382571298076923076923076923 0.996442 
test_2_1248_0 2 0.9639053341346153846153846154 0.4943649951923076923076923077 0.9983680432692307692307692308 0.6074424519230769230769230769 0.003151 
test_2_1248_0 2 0.4140727331730769230769230769 0.2420727283653846153846153846 0.5886249903846153846153846154 0.3827542884615384615384615385 0.003116 
test_2_1248_0 2 0.6901523894230769230769230769 0.7876474663461538461538461538 0.8722474014423076923076923077 0.9885232620192307692307692308 0.001110 
test_2_1248_0 2 0.7183545192307692307692307692 0.9923579134615384615384615385 0.8084551730769230769230769231 1.000000 0.001043 
test_2_1248_0 2 0.9595549663461538461538461538 0.4912831971153846153846153846 1.000000 0.6373513293269230769230769231 0.001011 
test_2_416_0 2 0.8910842307692307692307692308 0.4862452283653846153846153846 1.000000 0.6389525480769230769230769231 0.002019 
test_2_416_0 2 0.7655531081730769230769230769 0.6638311971153846153846153846 0.86256878125 0.7397895961538461538461538462 0.114481 
test_2_416_0 2 0.9212229807692307692307692308 0.7973577788461538461538461538 1.000000 0.8781270985576923076923076923 0.006819 
test_2_416_0 2 0.5626779326923076923076923077 0.4403559615384615384615384615 0.6499552355769230769230769231 0.515142 0.999622 
test_2_416_0 2 0.5665939759615384615384615385 0.8336607860576923076923076923 0.6493812716346153846153846154 0.9009609951923076923076923077 0.999318 
test_2_416_0 2 0.9181561826923076923076923077 0.1479509158653846153846153846 1.000000 0.2351353341346153846153846154 0.955147 
test_2_416_0 2 0.5715499663461538461538461538 0.1385004615384615384615384615 0.7526019158653846153846153846 0.2144716153846153846153846154 0.003919 
test_2_416_0 2 0.2132446586538461538461538462 0.7108974447115384615384615385 0.4367190144230769230769230769 0.8312200408653846153846153846 0.002660 
test_2_416_0 2 0.2967458870192307692307692308 0.4542743966346153846153846154 0.4773618269230769230769230769 0.58973840625 0.002244 
test_2_416_0 2 0.5743077716346153846153846154 0.4447981754807692307692307692 0.6608634350961538461538461538 0.5066196009615384615384615385 0.001198 
test_1_416_2496 2 0.4798406081730769230769230769 0.6821306658653846153846153846 0.5561460721153846153846153846 0.7651640096153846153846153846 0.998981 
test_1_416_2496 2 0.5971338197115384615384615385 0.4800488774038461538461538462 0.7055850384615384615384615385 0.5765658533653846153846153846 0.998603 
test_1_416_2496 2 0.8636200985576923076923076923 0.3390904951923076923076923077 0.9396735697115384615384615385 0.4254391009615384615384615385 0.997492 
test_1_416_2496 2 0.5708562403846153846153846154 0.6177681418269230769230769231 0.6383656730769230769230769231 0.6900036875 0.971699 
test_1_416_2496 2 0.6117443293269230769230769231 0.4865568605769230769230769231 0.6884979110576923076923076923 0.56743453125 0.003596 
test_1_416_2496 2 0.9797070576923076923076923077 0.9811705817307692307692307692 1.000000 1.000000 0.001909 
test_1_416_2496 2 0.84130353125 0.9921279326923076923076923077 0.9122846298076923076923076923 1.000000 0.001385 
test_1_416_2496 2 0.9458147932692307692307692308 0.9873808341346153846153846154 1.000000 1.000000 0.001220 
test_1_416_2496 2 0.8566856394230769230769230769 0.9917587139423076923076923077 0.9334514326923076923076923077 1.000000 0.001055 
test_1_416_416 1 0.5176410673076923076923076923 0.3926809759615384615384615385 0.6087009711538461538461538462 0.6207560024038461538461538462 0.999464 
test_1_416_416 1 0.3770240625 0.3876335432692307692307692308 0.5122142932692307692307692308 0.5701968125 0.004009 
test_2_1248_0 1 0.3339532331730769230769230769 0.6833628149038461538461538462 0.4634789326923076923076923077 0.8949986971153846153846153846 0.585901 
test_2_1248_0 1 0.9734219038461538461538461538 0.4632952764423076923076923077 1.000000 0.6419055649038461538461538462 0.003328 
test_2_1248_0 1 0.1961535480769230769230769231 0.9549043365384615384615384615 0.3229537379807692307692307692 1.000000 0.010023 
test_2_1248_0 1 0.5803368629807692307692307692 0.4547879519230769230769230769 0.7394921971153846153846153846 0.6314821971153846153846153846 0.001346 
test_2_1248_0 1 0.9763620072115384615384615385 0.5000853173076923076923076923 1.000000 0.6322421298076923076923076923 0.001026 
test_2_1248_0 1 0.4170428798076923076923076923 0.2327101778846153846153846154 0.5947539254807692307692307692 0.3882212283653846153846153846 0.006455 
test_2_1248_0 1 0.6946196177884615384615384615 0.7878924879807692307692307692 0.8657318269230769230769230769 0.9694003317307692307692307692 0.001906 
test_2_416_0 1 0.2153987139423076923076923077 0.2228417019230769230769230769 0.4169593966346153846153846154 0.3513860697115384615384615385 0.999762 
test_2_416_0 1 0.2205902980769230769230769231 0.7066929158653846153846153846 0.4253053653846153846153846154 0.8239487860576923076923076923 0.999579 
test_2_416_0 1 0.5830490408653846153846153846 0.1310665985576923076923076923 0.7486162908653846153846153846 0.2221578629807692307692307692 0.999430 
test_2_416_0 1 0.4108456826923076923076923077 0.1607329471153846153846153846 0.5916120096153846153846153846 0.3054426442307692307692307692 0.002403 
test_1_416_2496 1 0.5718677956730769230769230769 0.6249224591346153846153846154 0.6384892836538461538461538462 0.6900726466346153846153846154 0.001402 
test_1_416_416 3 0.7627302307692307692307692308 0.3780172043269230769230769231 0.8977421971153846153846153846 0.5079209975961538461538461538 0.002721 
test_1_416_416 3 0.7095951658653846153846153846 0.2678758918269230769230769231 0.7898012307692307692307692308 0.3952517884615384615384615385 0.002101 
test_1_416_416 3 0.9381045552884615384615384615 0.9891698533653846153846153846 1.000000 1.000000 0.001741 
test_1_416_416 3 0.5096083413461538461538461538 0.3671778173076923076923076923 0.6066980360576923076923076923 0.6507112067307692307692307692 0.001435 
test_2_1248_0 3 0.1965105721153846153846153846 0.9535267908653846153846153846 0.3227518533653846153846153846 1.000000 0.001137 
test_2_1248_0 3 0.9743162307692307692307692308 0.4561437451923076923076923077 1.000000 0.6141081586538461538461538462 0.002493 
test_2_1248_0 3 0.8631987932692307692307692308 0.6602745048076923076923076923 0.9612520649038461538461538462 0.7840316490384615384615384615 0.001388 
test_2_1248_0 3 0.9607495528846153846153846154 0.4449557884615384615384615385 0.999327 0.6275324447115384615384615385 0.001046 
test_2_416_0 3 0.9128211105769230769230769231 0.7920400913461538461538461538 1.000000 0.8820104591346153846153846154 0.997007 
test_2_416_0 3 0.8996699399038461538461538462 0.3543588197115384615384615385 0.9943554206730769230769230769 0.4639916778846153846153846154 0.996880 
test_2_416_0 3 0.7621557524038461538461538462 0.6642572692307692307692307692 0.8670068149038461538461538462 0.7409722980769230769230769231 0.964195 
test_2_416_0 3 0.9097810889423076923076923077 0.3775476298076923076923076923 0.9974068870192307692307692308 0.4454430072115384615384615385 0.008037 
test_2_416_0 3 0.9236070192307692307692307692 0.3668082307692307692307692308 1.000000 0.4555920096153846153846153846 0.001187 
test_2_416_0 3 0.9847610168269230769230769231 0.4150463605769230769230769231 1.000000 0.4948639879807692307692307692 0.001114 
test_2_416_0 3 0.9234205384615384615384615385 0.7952232355769230769230769231 1.000000 0.8629191466346153846153846154 0.001023 
test_1_416_2496 3 0.5715449783653846153846153846 0.6179614423076923076923076923 0.6365810552884615384615384615 0.6897235288461538461538461538 0.002027 
test_1_416_416 0 0.5081686610576923076923076923 0.39864290625 0.6074607548076923076923076923 0.6161223197115384615384615385 0.001126 
test_1_416_416 0 0.3823097307692307692307692308 0.3916881274038461538461538462 0.5087937932692307692307692308 0.5624532692307692307692307692 0.999874 
test_1_416_416 0 0.4101813028846153846153846154 0.1900554807692307692307692308 0.5544279182692307692307692308 0.3699506610576923076923076923 0.999779 
test_2_1248_0 0 0.3238951610576923076923076923 0.6850094423076923076923076923 0.4669220264423076923076923077 0.8963294399038461538461538462 0.108582 
test_2_1248_0 0 0.9734219038461538461538461538 0.4632952764423076923076923077 1.000000 0.6419055649038461538461538462 0.163478 
test_2_1248_0 0 0.1925448076923076923076923077 0.9517845745192307692307692308 0.3241714326923076923076923077 1.000000 0.818135 
test_2_1248_0 0 0.96141903125 0.4747886298076923076923076923 0.9999355913461538461538461538 0.6295408846153846153846153846 0.043187 
test_2_1248_0 0 0.9763620072115384615384615385 0.5000853173076923076923076923 1.000000 0.6322421298076923076923076923 0.011459 
test_2_1248_0 0 0.9770856274038461538461538462 0.4746292548076923076923076923 1.000000 0.5973149807692307692307692308 0.003358 
test_2_1248_0 0 0.4154248966346153846153846154 0.2274220721153846153846153846 0.5934011394230769230769230769 0.3855595961538461538461538462 0.999141 
test_2_1248_0 0 0.6892827836538461538461538462 0.7767320048076923076923076923 0.8634697836538461538461538462 0.9769073629807692307692307692 0.998848 
test_2_1248_0 0 0.5771169663461538461538461538 0.4533667932692307692307692308 0.7487262572115384615384615385 0.6322586346153846153846153846 0.996468 
test_2_1248_0 0 0.1868735456730769230769230769 0.9671315408653846153846153846 0.30939278125 1.000000 0.005263 
test_2_1248_0 0 0.20289584375 0.9648856394230769230769230769 0.3443118245192307692307692308 1.000000 0.001442 
test_2_1248_0 0 0.9646613052884615384615384615 0.5079423100961538461538461538 0.9979779903846153846153846154 0.6196453389423076923076923077 0.001028 
test_2_416_0 0 0.9142331346153846153846153846 0.7950344086538461538461538462 1.000000 0.8795635528846153846153846154 0.001849 
test_2_416_0 0 0.7627130649038461538461538462 0.6649794206730769230769230769 0.8672747980769230769230769231 0.7399986706730769230769230769 0.008831 
test_2_416_0 0 0.2114293389423076923076923077 0.2241897211538461538461538462 0.4101103629807692307692307692 0.3497779543269230769230769231 0.001559 
test_2_416_0 0 0.2997286682692307692307692308 0.4451090745192307692307692308 0.4675083149038461538461538462 0.5953910528846153846153846154 0.999695 
test_2_416_0 0 0.4109318076923076923076923077 0.1635281682692307692307692308 0.5988151850961538461538461538 0.3077159302884615384615384615 0.999620 
test_2_416_0 0 0.8749276682692307692307692308 0.4823253341346153846153846154 1.000000 0.6432789278846153846153846154 0.999587 
